[['f', 1, 136, 148]
 ['f', 2, 137, 163]
 ['qf', 1, 122, 193]
 ['qf', 2, 95, 140]
 ['qf', 1, 134, 89]
 ['qf', 2, 191, 128]
 ['qf', 1, 130, 133]
 ['qf', 2, 132, 68]
 ['qf', 3, 79, 83]
 ['qf', 1, 130, 95]
 ['qf', 2, 137, 32]
 ['qm', 1, 69, 22]
 ['qm', 10, 53, 65]
 ['qm', 11, 91, 41]
 ['qm', 12, 59, 57]
 ['qm', 13, 57, 59]
 ['qm', 14, 84, 10]
 ['qm', 15, 186, 44]
 ['qm', 16, 33, 86]
 ['qm', 17, 107, 61]
 ['qm', 18, 89, 77]
 ['qm', 19, 30, 57]
 ['qm', 2, 45, 91]
 ['qm', 20, 146, 39]
 ['qm', 21, 93, 84]
 ['qm', 22, 82, 74]
 ['qm', 23, 64, 57]
 ['qm', 24, 80, 110]
 ['qm', 25, 71, 46]
 ['qm', 26, 31, 220]
 ['qm', 27, 82, 79]
 ['qm', 28, 56, 105]
 ['qm', 29, 49, 89]
 ['qm', 3, 12, 65]
 ['qm', 30, 49, 82]
 ['qm', 31, 112, 107]
 ['qm', 32, 100, 57]
 ['qm', 33, 36, 112]
 ['qm', 34, 19, 93]
 ['qm', 35, 49, 29]
 ['qm', 36, 80, 121]
 ['qm', 37, 71, 118]
 ['qm', 38, 97, 109]
 ['qm', 39, 48, 145]
 ['qm', 4, 84, 98]
 ['qm', 40, 117, 67]
 ['qm', 41, 69, 92]
 ['qm', 42, 36, 80]
 ['qm', 43, 32, 99]
 ['qm', 44, 56, 42]
 ['qm', 45, 40, 80]
 ['qm', 46, 156, 39]
 ['qm', 47, 128, 102]
 ['qm', 48, 85, 58]
 ['qm', 49, 142, 79]
 ['qm', 5, 16, 64]
 ['qm', 50, 81, 169]
 ['qm', 51, 120, 121]
 ['qm', 52, 63, 66]
 ['qm', 53, 98, 62]
 ['qm', 54, 144, 92]
 ['qm', 55, 81, 55]
 ['qm', 56, 100, 63]
 ['qm', 57, 83, 97]
 ['qm', 58, 64, 141]
 ['qm', 59, 67, 88]
 ['qm', 6, 69, 132]
 ['qm', 60, 74, 75]
 ['qm', 61, 80, 127]
 ['qm', 62, 80, 68]
 ['qm', 63, 152, 107]
 ['qm', 64, 20, 74]
 ['qm', 65, 140, 177]
 ['qm', 66, 44, 57]
 ['qm', 67, 136, 35]
 ['qm', 68, 75, 69]
 ['qm', 69, 141, 40]
 ['qm', 7, 127, 125]
 ['qm', 70, 57, 83]
 ['qm', 71, 75, 133]
 ['qm', 72, 63, 125]
 ['qm', 73, 121, 57]
 ['qm', 74, 121, 126]
 ['qm', 8, 32, 29]
 ['qm', 9, 64, 113]
 ['sf', 1, 139, 171]
 ['sf', 2, 94, 137]
 ['sf', 1, 147, 130]
 ['sf', 2, 158, 91]]